%á@Å@6çsÅ@7óÒ

%áAÅ@

xx1 = [1:5 ; 6:10 ; 11:15 ; 16:20 ; 21:25 ; 26:30]

%áB

xx2 = xx1(2,5)

%áC

xx3 = xx1(:,1)

%áD

xx4 = xx1(3:6,2)

%áE

xx5 = xx1(1:4,3)

%áF

xx6 = [xx4;xx5]

%áG

xx7 = [xx4,xx5]

%áH

xx8 = xx3(2:5) + xx5

%10

xx9 = [xx1(1,:),xx1(2,:)]

%11

xx10 = xx1(:,2:2:4)


return